#filetype genotype_data
#format task_list 

# Legend:
# 1: List of all tasks performed

111101001 
111101001 
111101001 
111101001 
111101001 
111101001 
111101001 
111101001 
111101001 
111101001 
111101001 
111101001 
111101001 
111101001 
111101001 
111101001 
111101001 
111101001 
111101001 
111101001 
111101001 
111101001 
111101001 
111101001 
111101001 
111101001 
111101001 
111101001 
111101001 
111101001 
111101001 
111101001 
111101001 
111101001 
111101001 
111101001 
111101001 
111101001 
111101001 
111101001 
111101001 
111101001 
111101001 
111101001 
111101001 
111101001 
111101001 
111101001 
111101001 
111101001 
111101001 
111101001 
111101001 
111101001 
111101001 
111101001 
111101001 
111101001 
111101001 
111101001 
111101001 
111101001 
111101001 
111101001 
111101001 
111101001 
111101001 
111101001 
111101001 
111101001 
111101001 
111101001 
111101001 
111101001 
111101001 
111101001 
111101001 
111101001 
111101001 
111101001 
111101001 
111101001 
111101001 
111101001 
111101001 
111101001 
111101001 
111101001 
111101001 
111101001 
111101001 
111101001 
111101001 
111101001 
111101001 
111101001 
111101001 
111101001 
111101001 
111101001 
111101001 
111101001 
111101001 
111101001 
111101001 
111101001 
111101001 
111101001 
111101001 
111101001 
111101001 
111101001 
111101001 
111101001 
111101001 
111101001 
111101001 
111101001 
111101001 
111101001 
111101001 
111101001 
111101001 
111101001 
111101001 
111101001 
111101001 
111101001 
111101001 
